#I=0,2,0.01
	0
	0.0053986938077944
	0.015457492449721
	0.026633297941948
	0.035700292480108
	0.047805601792485
	0.059666644328271
	0.066557456657814
	0.08005029272709
	0.082319038970169
	0.10089766040011
	0.10724665475583
	0.11911442226439
	0.12613841933129
	0.12950771547097
	0.13963260001208
	0.15112257834015
	0.15367751246138
	0.16965236610676
	0.17213276864689
	0.19212517600912
	0.20515707828708
	0.19681809299654
	0.22215572918841
	0.22742046642026
	0.23676777211027
	0.24822150992396
	0.2494577162134
	0.26205689661313
	0.25463815496656
	0.2787459086953
	0.28811329413025
	0.29784933660515
	0.28132685604558
	0.31710357669548
	0.3173214313679
	0.32732282177894
	0.31210076663383
	0.33689712552038
	0.35980305065283
	0.33203044908287
	0.34772972622963
	0.34926259090377
	0.392024407131
	0.38366383593134
	0.37604700665486
	0.41177694207817
	0.39299958282279
	0.41538276016605
	0.39901453894929
	0.40229188611801
	0.41289680530948
	0.43381583824173
	0.46053361316147
	0.42441145753288
	0.4742034050554
	0.45512895184944
	0.44073523492591
	0.48724976517671
	0.45768602147476
	0.51162036042643
	0.50603536491857
	0.51816661073806
	0.48291362887541
	0.50425373656777
	0.48060749650388
	0.53518565129318
	0.49851297373391
	0.52356779749072
	0.52264080800325
	0.57572915856881
	0.51400834758667
	0.53439293518306
	0.53498418875792
	0.54437117864873
	0.54238214388267
	0.58279215542264
	0.60855298162855
	0.61831236074344
	0.56515831686799
	0.61666600591902
	0.61112996153263
	0.61719506529314
	0.64325646132632
	0.61046797945268
	0.65488773904038
	0.63802183629525
	0.59830113497771
	0.64542246338158
	0.64431058831372
	0.63576124013079
	0.68770708159089
	0.65569855753011
	0.66380589996943
	0.66441874362186
	0.64219781513195
	0.65996735536948
	0.65971041961825
	0.63316096721718
	0.71210065410343
	0.65678270442857
	0.64795425014515
	0.68426274603476
	0.70903934936463
	0.65918252232907
	0.67613950735044
	0.67545099095359
	0.73137819813404
	0.71497412259426
	0.73521295577713
	0.74945671491025
	0.72510254062603
	0.75611564172642
	0.72756611579806
	0.7813011804535
	0.75737176108952
	0.71562601489178
	0.80673463071135
	0.80215872362446
	0.74851471426336
	0.82347721895027
	0.73045469900956
	0.82032971776411
	0.7846991517537
	0.77181736530027
	0.79834980409209
	0.81210727055105
	0.73200890490982
	0.76510287678996
	0.76493285149226
	0.7871475972517
	0.85420239216865
	0.83339409000396
	0.83923732187258
	0.86510410319231
	0.80081668627569
	0.80435919096053
	0.87674079015823
	0.79807237237565
	0.81198009806278
	0.84043724265104
	0.81290656542531
	0.86971315417916
	0.87456275160461
	0.87644055593922
	0.88001986383226
	0.79551893855931
	0.80695675515547
	0.82020475983102
	0.88355338508612
	0.92112081464987
	0.84225598042081
	0.86763420749825
	0.80790176512481
	0.93310645235886
	0.82700940570779
	0.87848617340129
	0.90262309286584
	0.87120848615607
	0.91334492231293
	0.82054458772678
	0.82093199009798
	0.82242435336693
	0.81668593152565
	0.87237356056514
	0.86679900170641
	0.93380228960585
	0.84380648258075
	0.88822258221231
	0.83524261787049
	0.94052356653033
	0.95146363685696
	0.86351035357728
	0.95121387333441
	0.94007909200894
	0.94933168984331
	0.93222914558966
	0.8556298151737
	0.93703269733006
	0.85054987540547
	1.0187841686714
	0.92902622087535
	1.0232299023387
	0.98153780818841
	0.94766161055665
	0.97736071090002
	0.9820304842857
	0.92433309699831
	0.92937207242995
	0.86730058602668
	1.0132482208813
	0.89329328746066
	0.87408698817653
	0.92383309207346
	1.017556558764
	0.90825683291652
	0.9313623869501
	0.96517571143546
	0.87292406739064
	0.96004446813661
	0.9754698818932
